graph 1
27 24 39 32 37 2 20 23 29 35 48 43 1 12 28 6 31 44 13
23 12 39 28 31 2 20 24 29 35 48 1 27 32 37 43 6 44 13
14 11 49 18 42 22 8 7 10 19 30 5 3 15 21 25 41 33 38 40 9 26 45 36 50
42 18 22 49 8 7 11 10 14 21 19 15 30 40 3 5 9 26 36 25 33 38 45 50 41
9 40 26 45 36 50 19 10 7 22 8 42 18 49 11 14 21 15 3 25 41 30 5 33 38
20 1 39 2 23 24 29 35 48 12 28 27 32 37 31 43 6 44 13
31 12 23 39 28 2 20 24 29 35 48 1 27 32 37 43 6 44 13
15 3 21 25 30 33 38 11 41 5 19 49 14 10 40 18 7 9 26 36 42 22 45 50 8
8 22 7 42 10 18 19 49 30 40 11 5 3 9 26 36 14 21 15 25 33 38 45 50 41
30 5 19 3 10 40 15 25 33 38 7 9 26 36 21 41 22 45 50 11 8 42 49 14 18
3 15 25 30 33 38 21 41 5 19 11 10 40 49 14 7 9 26 36 18 22 45 50 42 8
17 46 47 34 16 4
28 23 12 31 39 2 35 20 1 24 27 32 37 43 6 44 13 29 48
22 8 7 10 19 30 5 3 15 21 11 49 18 42 14 25 41 33 38 40 9 26 45 36 50
1 20 39 2 35 23 12 31 28 24 27 32 37 43 6 44 13 29 48
26 40 45 9 36 19 50 10 30 7 5 3 22 15 25 33 38 8 42 21 41 18 11 49 14
48 39 2 35 20 1 23 12 31 28 24 27 32 37 43 6 44 13 29
46 17 47 34 16 4
40 9 26 36 19 45 50 10 30 7 5 3 22 15 25 33 38 8 42 21 41 18 11 49 14
41 25 3 15 30 33 38 21 5 19 11 10 40 49 14 7 9 26 36 18 22 45 50 42 8
16 4 34 47 46 17
34 16 4 47 46 17
45 26 40 9 36 50 19 10 7 22 8 42 18 49 11 14 21 15 3 25 41 30 5 33 38
25 3 41 15 30 33 38 21 5 19 11 10 40 49 14 7 9 26 36 18 22 45 50 42 8
18 42 22 8 7 10 19 30 5 3 15 21 11 49 14 25 41 33 38 40 9 26 45 36 50
29 39 2 20 23 24 35 48 1 12 28 27 32 37 31 43 6 44 13
35 2 39 20 23 24 29 48 1 12 28 27 32 37 31 43 6 44 13
39 2 20 23 24 29 35 48 1 12 28 27 32 37 31 43 6 44 13
49 11 18 14 21 42 15 22 3 8 7 25 30 33 38 10 41 5 19 40 9 26 36 45 50
19 10 30 40 7 5 3 9 26 36 22 15 25 33 38 45 50 8 42 21 41 18 11 49 14
4 16 34 47 46 17
10 7 19 22 30 40 8 42 5 3 9 26 36 18 15 25 33 38 45 50 49 21 41 11 14
50 36 40 9 26 19 45 10 30 7 5 3 22 15 25 33 38 8 42 21 41 18 11 49 14
47 46 34 17 16 4
44 13 6 43 37 24 39 27 32 2 20 23 29 35 48 1 12 28 31
7 10 19 30 5 3 15 21 11 49 18 42 22 8 14 25 41 33 38 40 9 26 45 36 50
2 39 35 20 23 24 29 48 1 12 28 27 32 37 31 43 6 44 13
33 3 15 21 11 49 18 42 22 8 7 10 19 30 5 40 9 26 45 36 50 14 25 41 38
13 44 6 43 37 24 39 2 35 20 1 23 12 31 28 29 48 27 32
37 24 43 39 27 32 6 2 20 23 29 35 48 44 1 12 28 13 31
43 6 44 13 37 24 39 2 35 20 1 23 12 31 28 29 48 27 32
21 15 3 25 41 30 5 19 10 7 22 8 42 18 49 11 14 40 9 26 45 36 50 33 38
32 24 39 27 37 2 20 23 29 35 48 43 1 12 28 6 31 44 13
5 30 19 10 7 22 8 42 18 49 11 14 21 15 3 25 41 33 38 40 9 26 45 36 50
6 43 44 37 13 24 39 27 32 2 20 23 29 35 48 1 12 28 31
